6
2 4 5
10 10 100 30
80 50 10 50
3 2 3
80 80
15 50
20 10
8 5 40
1 2 3 4 5
5 4 3 2 1
1 2 3 4 5
5 4 3 2 1
1 2 3 4 5
1 2 3 4 5
1 2 3 4 5
1 2 3 4 5
2 1 2
5
1000
2 3 3
20 10 9000
10 1000 1
47 54 2050
41 22 46 6 23 16 5 1 32 40 24 26 43 27 27 28 27 35 45 35 20 30 24 33 35 2 12 5 14 36 12 14 18 41 30 6 45 25 17 30 42 28 19 17 6 28 8 22 25 25 12 12 28 7 
23 21 8 7 15 21 34 18 7 32 40 1 43 22 7 37 8 33 25 41 3 24 26 34 43 42 36 44 40 20 25 7 44 45 41 47 17 17 7 15 16 3 4 8 17 18 21 19 11 19 33 30 29 34 
33 16 21 9 38 30 46 11 11 2 40 20 29 13 38 38 24 43 26 29 25 32 4 24 16 46 29 18 45 42 7 5 23 40 38 27 24 8 35 35 23 12 3 7 43 9 29 7 20 16 17 41 21 16 
29 3 2 39 6 28 14 19 1 5 39 25 40 42 40 36 28 9 7 35 1 33 42 39 22 22 9 38 37 13 1 2 22 36 19 11 20 33 10 27 36 24 9 26 11 22 44 20 4 39 46 4 2 31 
36 30 37 34 33 21 1 16 37 30 41 15 30 2 31 26 13 8 31 28 25 20 15 19 3 20 11 33 22 5 40 47 8 6 35 5 3 8 45 42 45 36 7 8 42 17 39 7 11 18 45 10 37 13 
46 18 37 29 25 12 9 38 9 42 32 34 36 4 5 30 44 26 19 31 17 47 5 1 3 17 45 33 23 7 20 46 45 18 34 17 9 35 30 39 40 24 30 14 21 15 12 13 2 12 40 39 45 6 
9 16 16 40 13 38 14 22 47 16 9 37 13 28 39 10 26 33 11 15 6 46 36 44 8 1 46 15 35 1 42 26 2 11 23 20 9 18 42 3 5 19 19 25 23 25 19 34 45 22 9 30 32 23 
30 24 17 42 44 1 36 44 36 41 10 47 18 11 1 28 1 17 43 47 11 2 16 25 18 22 9 23 14 45 19 27 18 29 47 31 7 35 26 46 6 27 33 47 35 32 44 2 10 23 18 7 7 37 
42 21 38 29 20 19 1 14 24 24 34 40 46 29 47 45 11 21 8 2 5 19 5 11 23 42 10 18 23 11 21 8 31 8 8 33 32 40 32 10 12 10 44 4 19 41 41 9 3 46 24 40 33 28 
30 2 14 37 42 7 40 38 14 19 29 16 8 2 7 15 20 3 28 23 45 18 32 8 25 24 13 35 47 14 23 44 4 23 43 38 15 43 33 30 15 6 12 19 11 44 9 24 35 19 46 19 20 5 
7 28 35 23 35 42 6 12 4 1 43 3 44 5 5 29 1 23 37 6 19 15 37 35 12 27 22 38 17 24 42 42 28 5 43 37 22 25 20 47 19 47 37 13 7 25 27 3 34 23 22 10 2 41 
6 21 22 21 23 41 19 40 25 31 15 30 28 47 34 15 6 45 29 16 45 26 30 20 42 39 6 16 18 29 13 15 15 33 35 28 24 2 33 18 2 35 21 29 42 37 9 17 19 21 37 7 28 17 
20 44 36 17 5 22 20 13 29 2 36 41 30 16 24 43 22 10 47 47 47 23 21 9 21 30 28 47 43 45 7 35 35 3 47 39 21 25 8 42 46 20 22 5 19 45 21 18 12 47 45 35 1 44 
1 6 10 40 47 42 25 26 32 43 27 35 40 16 8 11 1 27 22 40 39 33 8 7 22 46 13 22 33 37 26 29 36 5 16 6 20 12 21 15 28 28 10 3 23 10 25 42 2 24 14 45 11 31 
15 12 7 39 9 29 37 25 2 10 10 29 36 3 23 30 41 35 23 42 41 21 5 32 1 28 35 4 8 25 5 1 43 46 3 34 13 25 35 28 22 14 19 34 33 1 21 26 40 2 29 20 2 42 
15 25 9 12 28 22 21 29 41 16 44 29 27 44 42 34 36 25 13 13 39 22 2 14 47 22 23 18 46 29 45 24 7 8 24 30 5 21 20 11 35 33 21 4 42 3 3 7 41 42 31 34 39 4 
33 10 13 13 12 1 46 26 3 27 39 4 42 45 38 41 2 22 12 9 29 43 13 29 42 1 30 42 40 43 45 32 14 38 25 43 5 11 5 38 28 25 1 24 36 42 7 23 42 23 34 43 12 14 
13 46 5 43 32 11 26 7 2 40 6 5 7 17 38 15 40 10 46 20 20 22 25 12 35 38 18 9 47 36 39 15 46 9 29 27 5 31 24 1 46 40 26 42 9 22 16 26 40 1 37 34 45 25 
26 35 12 13 18 24 42 41 30 37 26 35 37 26 27 40 6 41 35 34 10 38 17 29 3 17 24 28 30 11 20 42 32 7 47 36 44 23 31 7 47 47 43 30 32 5 31 40 25 45 35 34 31 46 
42 40 41 42 37 9 22 37 37 39 27 43 8 10 24 23 1 21 29 47 28 37 47 31 10 37 21 7 45 16 1 30 36 2 9 47 32 25 15 27 40 35 31 16 35 3 18 20 24 43 1 20 34 16 
13 15 8 13 13 23 13 25 46 46 18 17 16 44 40 25 32 40 28 32 29 12 14 12 7 43 46 8 35 39 37 6 1 31 39 39 44 1 30 42 7 47 47 34 21 43 2 40 28 39 38 6 37 18 
8 22 3 9 42 25 33 26 45 44 8 20 7 47 31 6 30 16 44 1 14 19 24 19 43 29 33 46 16 36 3 45 27 20 41 34 20 38 4 13 46 1 7 24 1 3 23 3 35 32 28 14 8 17 
11 30 16 38 20 31 35 10 29 21 20 30 39 24 13 23 6 32 17 25 14 23 12 41 11 34 22 44 34 38 21 19 41 4 32 34 47 2 11 21 40 28 23 18 29 9 33 7 12 35 6 7 20 45 
39 14 1 27 6 22 14 17 26 14 25 42 36 37 47 35 23 18 32 18 39 40 35 31 14 34 44 13 46 4 37 24 15 9 33 27 15 38 43 27 8 33 36 26 6 41 4 45 27 19 45 26 22 44 
39 8 20 12 40 3 25 28 34 32 5 46 37 15 27 30 21 34 7 21 2 8 15 4 15 39 45 44 30 10 20 46 24 14 11 30 27 11 10 15 12 39 23 10 46 18 40 8 8 26 43 43 21 40 
28 12 6 6 40 5 31 40 7 43 12 7 32 1 31 42 4 9 30 13 24 11 12 44 25 39 42 38 20 35 44 40 36 6 31 9 47 26 47 3 34 30 2 6 3 47 26 42 40 20 3 32 13 4 
32 20 9 27 47 33 31 39 41 13 31 20 33 19 41 16 19 10 5 14 28 39 36 5 10 40 15 22 31 44 38 15 21 28 9 22 9 13 36 26 8 11 4 9 7 30 43 16 43 15 3 43 13 25 
38 15 27 40 23 18 25 7 25 19 10 27 42 27 36 9 32 11 47 47 9 34 29 46 4 14 27 20 24 34 6 9 36 39 22 6 7 4 7 40 35 4 25 32 14 43 14 40 27 24 26 2 42 46 
31 43 26 7 39 28 23 3 24 8 39 2 29 11 40 34 29 31 1 36 30 31 35 19 44 39 26 14 34 22 38 30 30 42 23 43 28 1 30 16 46 37 36 41 37 44 41 40 3 25 5 21 38 20 
30 19 25 24 26 13 1 32 19 31 7 23 10 1 9 11 40 5 11 11 6 32 30 33 12 21 4 47 14 27 44 28 25 6 25 32 38 32 9 21 8 7 36 14 3 8 9 32 28 28 21 44 39 18 
14 40 25 16 41 10 11 33 12 16 13 19 21 40 44 29 3 37 46 24 17 26 24 40 32 39 43 10 43 16 22 12 4 38 16 8 16 33 25 26 2 14 23 45 1 35 45 1 24 16 20 34 37 29 
27 41 20 43 12 22 12 24 42 37 20 43 45 36 16 17 5 20 20 31 13 29 28 44 9 13 15 21 31 16 42 38 26 25 45 30 15 19 38 46 45 25 26 35 34 8 21 17 35 37 22 44 12 44 
4 8 34 36 44 17 10 39 17 24 1 8 40 7 47 12 6 23 14 37 44 37 11 23 38 23 18 12 1 7 5 15 21 17 43 1 15 7 40 19 34 28 15 22 39 40 10 26 16 43 9 31 15 27 
45 19 40 24 33 28 27 3 17 47 33 37 31 41 14 9 29 18 34 22 31 13 4 15 15 44 44 34 44 17 19 28 27 43 20 18 45 12 27 4 6 20 40 35 30 34 34 31 35 39 36 15 1 3 
3 29 12 35 23 16 30 12 23 31 22 28 3 5 16 34 28 33 27 38 27 23 10 30 41 43 29 34 23 30 30 33 7 25 36 40 26 27 40 18 4 34 14 2 32 11 2 19 30 44 45 34 33 16 
35 14 6 9 9 21 42 19 29 5 16 5 36 36 8 25 20 27 1 7 41 26 25 16 20 24 35 39 4 1 29 21 46 23 12 39 19 11 46 31 15 42 11 7 35 31 46 38 2 14 33 7 15 26 
41 41 28 2 43 4 44 34 42 17 38 33 9 43 29 9 42 28 42 16 25 8 20 42 13 29 15 2 18 22 8 1 1 39 37 34 47 18 6 24 42 9 37 18 4 47 26 11 19 29 1 21 37 39 
2 18 21 33 8 16 12 47 44 7 11 5 7 3 37 32 28 26 41 6 30 31 31 13 29 31 24 42 12 40 20 39 18 27 27 25 2 18 40 19 14 26 31 16 18 3 4 30 25 12 19 33 18 29 
31 35 44 5 17 31 46 12 19 19 39 35 46 33 1 18 34 19 13 45 24 35 24 4 3 22 2 29 17 37 47 16 23 39 15 32 44 45 3 11 7 15 20 21 4 28 27 35 11 38 17 29 7 17 
43 6 19 20 21 17 46 30 40 39 10 21 16 5 14 29 28 13 39 28 44 40 24 4 23 31 19 2 23 39 47 43 4 23 43 38 40 37 34 26 23 23 7 33 33 45 37 6 42 13 47 32 25 2 
12 12 2 2 36 22 23 38 32 38 22 42 45 16 20 16 6 18 20 31 3 1 31 9 13 39 29 18 37 13 47 1 29 5 20 6 24 21 4 35 22 43 35 35 33 46 39 13 28 4 38 44 35 4 
32 41 37 26 10 22 20 28 20 43 45 9 10 10 30 14 35 9 7 7 18 10 47 12 39 17 17 19 46 35 10 17 47 15 11 16 31 39 15 22 42 22 11 43 11 3 13 18 12 2 2 3 31 32 
11 21 43 16 12 1 21 7 6 47 19 22 44 42 27 22 45 21 3 32 29 32 31 32 41 25 5 15 12 9 36 12 29 13 7 8 13 26 17 31 38 7 17 8 21 2 40 40 46 14 6 38 11 27 
16 27 32 24 1 33 5 43 9 23 33 20 18 16 4 39 44 13 39 25 23 17 37 7 7 34 47 28 6 39 3 6 7 37 29 38 46 4 4 42 25 3 45 21 26 11 42 40 37 36 33 16 42 23 
3 3 20 18 21 16 5 33 46 3 5 17 46 43 1 47 12 8 26 47 4 43 47 45 46 34 9 47 35 26 25 25 47 18 37 15 27 30 11 28 8 45 19 35 22 22 24 44 29 32 18 20 9 29 
44 43 43 15 29 31 22 36 8 9 16 23 24 38 41 25 39 15 26 26 33 20 39 28 41 31 8 5 37 39 42 27 23 43 9 28 28 3 28 41 37 20 15 25 9 7 46 47 17 25 31 19 6 10 
8 45 33 42 17 4 46 2 42 39 33 11 41 14 18 37 34 38 44 15 44 44 15 17 31 3 45 34 24 2 25 33 29 38 25 31 37 9 33 39 14 39 46 3 16 34 14 40 47 38 28 28 43 35 

